247 247 247 247 247 247   0   1   1   1 247 247 247 247 247 247
247 247 247 247   1   1   1   1   1   1   1   1 247 247 247 247
247 247 227   1   1   0 247 247 247 247   0   1   1 235 247 247
247 247   1   1 247 247 247 247 247 247 247 247   1   1 247 247
247   1   1 247 247 247 247 247 247 247 247 247 247   1   1 247
247   1   0 247 247 247 247 247 247 247 247 247 247   0   1 247
  0   1 247 247 247 247 247 247 247 247 247 247 247 247   1   2
  1   1 247 247 247 247 247 247 247 247 247 247 247 247   1   1
  1   1 247 247 247 247 247 247 247 247 247 247 247 247   1   1
  1   1 247 247 247 247 247 247 247 247 247 247 247 247   1   3
247   1   0 247 247 247 247 247 247 247 247 247 247   0   1 247
247   1   1 247 247 247 247 247 247 247 247 247 247   1   1 247
247 247   1   1 247 247 247 247 247 247 247 247   1   1 247 247
247 247 236   1   1   0 247 247 247 247   0   1   1 241 247 247
247 247 247 247   1   1   1   1   1   1   1   1 247 247 247 247
247 247 247 247 247 247   3   1   1   3 247 247 247 247 247 247
247 247 247 247 247 247   0   1   1   1 247 247 247 247 247 247
247 247 247 247   1   1   1   1   1   1   1   1 247 247 247 247
247 247 227   1   1   0 247 247 247 247   0   1   1 235 247 247
247 247   1   1 247 247 247 247 247 247 247 247   1   1 247 247
247   1   1 247 247 247 247 247 247 247 247 247 247   1   1 247
247   1   0 247 247 247 247 247 247 247 247 247 247   0   1 247
  0   1 247 247 247 247 247 247 247 247 247 247 247 247   1   2
  1   1 247 247 247 247 247 247 247 247 247 247 247 247   1   1
  1   1 247 247 247 247 247 247 247 247 247 247 247 247   1   1
  1   1 247 247 247 247 247 247 247 247 247 247 247 247   1   3
247   1   0 247 247 247 247 247 247 247 247 247 247   0   1 247
247   1   1 247 247 247 247 247 247 247 247 247 247   1   1 247
247 247   1   1 247 247 247 247 247 247 247 247   1   1 247 247
247 247 236   1   1   0 247 247 247 247   0   1   1 241 247 247
247 247 247 247   1   1   1   1   1   1   1   1 247 247 247 247
247 247 247 247 247 247   3   1   1   3 247 247 247 247 247 247
247 247 247 247 247 247   0   1   1   1 247 247 247 247 247 247
247 247 247 247   1   1   1   1   1   1   1   1 247 247 247 247
247 247 227   1   1   0 247 247 247 247   0   1   1 235 247 247
247 247   1   1 247 247 247 247 247 247 247 247   1   1 247 247
247   1   1 247 247 247 247 247 247 247 247 247 247   1   1 247
247   1   0 247 247 247 247 247 247 247 247 247 247   0   1 247
  0   1 247 247 247 247 247 247 247 247 247 247 247 247   1   2
  1   1 247 247 247 247 247 247 247 247 247 247 247 247   1   1
  1   1 247 247 247 247 247 247 247 247 247 247 247 247   1   1
  1   1 247 247 247 247 247 247 247 247 247 247 247 247   1   3
247   1   0 247 247 247 247 247 247 247 247 247 247   0   1 247
247   1   1 247 247 247 247 247 247 247 247 247 247   1   1 247
247 247   1   1 247 247 247 247 247 247 247 247   1   1 247 247
247 247 236   1   1   0 247 247 247 247   0   1   1 241 247 247
247 247 247 247   1   1   1   1   1   1   1   1 247 247 247 247
247 247 247 247 247 247   3   1   1   3 247 247 247 247 247 247

247 247 247 247 232 165 102  69  69 102 165 232 247 247 247 247
247 247 246 182  21   1   6  16  16   6   1  20 180 246 247 247
247 246 144   1   3  95 242 247 247 243  96   3   1 142 246 247
247 181   1   2 213 247 247 247 247 247 247 214   4   1 180 247
233  20   3 215 247 247 247 247 247 247 247 247 214   3  20 232
165   1  93 247 247 247 247 247 247 247 247 247 247  96   1 165
105   5 244 247 247 247 247 247 247 247 247 247 247 243   6 102
 74  14 247 247 247 247 247 247 247 247 247 247 247 247  16  69
 74  14 247 247 247 247 247 247 247 247 247 247 247 247  16  70
105   5 243 247 247 247 247 247 247 247 247 247 247 242   6 103
166   1  91 247 247 247 247 247 247 247 247 247 247  94   1 166
233  21   3 212 247 247 247 247 247 247 247 247 212   3  21 232
247 183   1   0 212 247 247 247 247 247 247 215   2   1 182 247
247 246 150   1   3  90 243 247 247 244  92   3   1 145 246 247
247 247 246 183  21   1   5  14  14   5   1  21 182 246 247 247
247 247 247 247 233 166 106  74  74 106 166 233 247 247 247 247
247 247 247 247 232 165 102  69  69 102 165 232 247 247 247 247
247 247 246 182  21   1   6  16  16   6   1  20 180 246 247 247
247 246 144   1   3  95 242 247 247 243  96   3   1 142 246 247
247 181   1   2 213 247 247 247 247 247 247 214   4   1 180 247
233  20   3 215 247 247 247 247 247 247 247 247 214   3  20 232
165   1  93 247 247 247 247 247 247 247 247 247 247  96   1 165
105   5 244 247 247 247 247 247 247 247 247 247 247 243   6 102
 74  14 247 247 247 247 247 247 247 247 247 247 247 247  16  69
 74  14 247 247 247 247 247 247 247 247 247 247 247 247  16  70
105   5 243 247 247 247 247 247 247 247 247 247 247 242   6 103
166   1  91 247 247 247 247 247 247 247 247 247 247  94   1 166
233  21   3 212 247 247 247 247 247 247 247 247 212   3  21 232
247 183   1   0 212 247 247 247 247 247 247 215   2   1 182 247
247 246 150   1   3  90 243 247 247 244  92   3   1 145 246 247
247 247 246 183  21   1   5  14  14   5   1  21 182 246 247 247
247 247 247 247 233 166 106  74  74 106 166 233 247 247 247 247
247 247 247 247 232 165 102  69  69 102 165 232 247 247 247 247
247 247 246 182  21   1   6  16  16   6   1  20 180 246 247 247
247 246 144   1   3  95 242 247 247 243  96   3   1 142 246 247
247 181   1   2 213 247 247 247 247 247 247 214   4   1 180 247
233  20   3 215 247 247 247 247 247 247 247 247 214   3  20 232
165   1  93 247 247 247 247 247 247 247 247 247 247  96   1 165
105   5 244 247 247 247 247 247 247 247 247 247 247 243   6 102
 74  14 247 247 247 247 247 247 247 247 247 247 247 247  16  69
 74  14 247 247 247 247 247 247 247 247 247 247 247 247  16  70
105   5 243 247 247 247 247 247 247 247 247 247 247 242   6 103
166   1  91 247 247 247 247 247 247 247 247 247 247  94   1 166
233  21   3 212 247 247 247 247 247 247 247 247 212   3  21 232
247 183   1   0 212 247 247 247 247 247 247 215   2   1 182 247
247 246 150   1   3  90 243 247 247 244  92   3   1 145 246 247
247 247 246 183  21   1   5  14  14   5   1  21 182 246 247 247
247 247 247 247 233 166 106  74  74 106 166 233 247 247 247 247

247 247 247 247 229 157  96  65  66  97 161 231 247 247 247 247
247 247 245 172  17   0   6  17  17   6   0  22 177 246 247 247
247 245 132   0   6 104 243 247 247 242  95   5   0 145 246 247
247 172   0   4 220 246 247 247 247 247 246 215   2   0 186 247
229  17   6 220 247 247 247 247 247 247 247 247 211   0  19 233
157   0 104 246 247 247 247 247 247 247 247 247 246  91   0 170
 95   6 243 247 247 247 247 247 247 247 247 247 247 243   4 110
 64  17 247 247 247 247 247 247 247 247 247 247 247 247  11  77
 65  17 247 247 247 247 247 247 247 247 247 247 247 247  11  78
 97   6 242 247 247 247 247 247 247 247 247 247 247 242   4 112
160   0  96 246 247 247 247 247 247 247 247 247 246  81   0 172
231  21   5 215 247 247 247 247 247 247 247 246 206   0  24 234
247 177   0   2 211 246 247 247 247 247 246 206   0   0 190 247
247 246 143   0   0  91 243 247 247 242  81   0   0 160 246 247
247 247 245 185  18   0   4  11  11   4   0  24 190 246 247 247
247 247 247 247 233 169 109  77  77 111 172 234 247 247 247 247
247 247 247 247 229 157  96  65  66  97 161 231 247 247 247 247
247 247 245 172  17   0   6  17  17   6   0  22 177 246 247 247
247 245 132   0   6 104 243 247 247 242  95   5   0 145 246 247
247 172   0   4 220 246 247 247 247 247 246 215   2   0 186 247
229  17   6 220 247 247 247 247 247 247 247 247 211   0  19 233
157   0 104 246 247 247 247 247 247 247 247 247 246  91   0 170
 95   6 243 247 247 247 247 247 247 247 247 247 247 243   4 110
 64  17 247 247 247 247 247 247 247 247 247 247 247 247  11  77
 65  17 247 247 247 247 247 247 247 247 247 247 247 247  11  78
 97   6 242 247 247 247 247 247 247 247 247 247 247 242   4 112
160   0  96 246 247 247 247 247 247 247 247 247 246  81   0 172
231  21   5 215 247 247 247 247 247 247 247 246 206   0  24 234
247 177   0   2 211 246 247 247 247 247 246 206   0   0 190 247
247 246 143   0   0  91 243 247 247 242  81   0   0 160 246 247
247 247 245 185  18   0   4  11  11   4   0  24 190 246 247 247
247 247 247 247 233 169 109  77  77 111 172 234 247 247 247 247
247 247 247 247 229 157  96  65  66  97 161 231 247 247 247 247
247 247 245 172  17   0   6  17  17   6   0  22 177 246 247 247
247 245 132   0   6 104 243 247 247 242  95   5   0 145 246 247
247 172   0   4 220 246 247 247 247 247 246 215   2   0 186 247
229  17   6 220 247 247 247 247 247 247 247 247 211   0  19 233
157   0 104 246 247 247 247 247 247 247 247 247 246  91   0 170
 95   6 243 247 247 247 247 247 247 247 247 247 247 243   4 110
 64  17 247 247 247 247 247 247 247 247 247 247 247 247  11  77
 65  17 247 247 247 247 247 247 247 247 247 247 247 247  11  78
 97   6 242 247 247 247 247 247 247 247 247 247 247 242   4 112
160   0  96 246 247 247 247 247 247 247 247 247 246  81   0 172
231  21   5 215 247 247 247 247 247 247 247 246 206   0  24 234
247 177   0   2 211 246 247 247 247 247 246 206   0   0 190 247
247 246 143   0   0  91 243 247 247 242  81   0   0 160 246 247
247 247 245 185  18   0   4  11  11   4   0  24 190 246 247 247
247 247 247 247 233 169 109  77  77 111 172 234 247 247 247 247

247 247 247 247 233 166 106  74  74 106 166 233 247 247 247 247
247 247 246 182  21   1   5  14  14   5   1  21 183 246 247 247
247 246 145   1   3  92 244 247 247 243  90   3   1 150 246 247
247 182   1   2 215 247 247 247 247 247 247 212   0   1 183 247
232  21   3 212 247 247 247 247 247 247 247 247 212   3  21 233
166   1  94 247 247 247 247 247 247 247 247 247 247  91   1 166
103   6 242 247 247 247 247 247 247 247 247 247 247 243   5 105
 70  16 247 247 247 247 247 247 247 247 247 247 247 247  14  74
 69  16 247 247 247 247 247 247 247 247 247 247 247 247  14  74
102   6 243 247 247 247 247 247 247 247 247 247 247 244   5 105
165   1  96 247 247 247 247 247 247 247 247 247 247  93   1 165
232  20   3 214 247 247 247 247 247 247 247 247 215   3  20 233
247 180   1   4 214 247 247 247 247 247 247 213   2   1 181 247
247 246 142   1   3  96 243 247 247 242  95   3   1 144 246 247
247 247 246 180  20   1   6  16  16   6   1  21 182 246 247 247
247 247 247 247 232 165 102  69  69 102 165 232 247 247 247 247
247 247 247 247 233 166 106  74  74 106 166 233 247 247 247 247
247 247 246 182  21   1   5  14  14   5   1  21 183 246 247 247
247 246 145   1   3  92 244 247 247 243  90   3   1 150 246 247
247 182   1   2 215 247 247 247 247 247 247 212   0   1 183 247
232  21   3 212 247 247 247 247 247 247 247 247 212   3  21 233
166   1  94 247 247 247 247 247 247 247 247 247 247  91   1 166
103   6 242 247 247 247 247 247 247 247 247 247 247 243   5 105
 70  16 247 247 247 247 247 247 247 247 247 247 247 247  14  74
 69  16 247 247 247 247 247 247 247 247 247 247 247 247  14  74
102   6 243 247 247 247 247 247 247 247 247 247 247 244   5 105
165   1  96 247 247 247 247 247 247 247 247 247 247  93   1 165
232  20   3 214 247 247 247 247 247 247 247 247 215   3  20 233
247 180   1   4 214 247 247 247 247 247 247 213   2   1 181 247
247 246 142   1   3  96 243 247 247 242  95   3   1 144 246 247
247 247 246 180  20   1   6  16  16   6   1  21 182 246 247 247
247 247 247 247 232 165 102  69  69 102 165 232 247 247 247 247
247 247 247 247 233 166 106  74  74 106 166 233 247 247 247 247
247 247 246 182  21   1   5  14  14   5   1  21 183 246 247 247
247 246 145   1   3  92 244 247 247 243  90   3   1 150 246 247
247 182   1   2 215 247 247 247 247 247 247 212   0   1 183 247
232  21   3 212 247 247 247 247 247 247 247 247 212   3  21 233
166   1  94 247 247 247 247 247 247 247 247 247 247  91   1 166
103   6 242 247 247 247 247 247 247 247 247 247 247 243   5 105
 70  16 247 247 247 247 247 247 247 247 247 247 247 247  14  74
 69  16 247 247 247 247 247 247 247 247 247 247 247 247  14  74
102   6 243 247 247 247 247 247 247 247 247 247 247 244   5 105
165   1  96 247 247 247 247 247 247 247 247 247 247  93   1 165
232  20   3 214 247 247 247 247 247 247 247 247 215   3  20 233
247 180   1   4 214 247 247 247 247 247 247 213   2   1 181 247
247 246 142   1   3  96 243 247 247 242  95   3   1 144 246 247
247 247 246 180  20   1   6  16  16   6   1  21 182 246 247 247
247 247 247 247 232 165 102  69  69 102 165 232 247 247 247 247
